INSERT INTO [Prisoner]
 VALUES  
( 0 )  ,
( 1 )  ,
( 2 )  ,
( 3 )  ,
( 4 )  ,
( 5 )  ,
( 6 )  ,
( 7 )  ,
( 8 )  ,
( 9 )  ,
( 10 )  ,
( 11 )  ,
( 12 )  ,
( 13 )  ,
( 14 )  ,
( 15 )  ,
( 16 )  ,
( 17 )  ,
( 18 )  ,
( 19 )  ,
( 20 )  ,
( 21 )  ,
( 22 )  ,
( 23 )  ,
( 24 )  ,
( 25 )  ,
( 26 )  ,
( 27 )  ,
( 28 )  ,
( 29 )  ,
( 30 )  ; 

------------------------------
INSERT INTO [crime]
 VALUES  
( 0 , 0 )  ,
( 0 , 1 )  ,
( 0 , 2 )  ,
( 0 , 3 )  ,
( 0 , 4 )  ,
( 0 , 5 )  ,
( 1 , 0 )  ,
( 1 , 1 )  ,
( 1 , 2 )  ,
( 1 , 3 )  ,
( 1 , 4 )  ,
( 1 , 5 )  ,
( 2 , 0 )  ,
( 2 , 1 )  ,
( 2 , 2 )  ,
( 2 , 3 )  ,
( 2 , 4 )  ,
( 2 , 5 )  ,
( 3 , 0 )  ,
( 3 , 1 )  ,
( 3 , 2 )  ,
( 3 , 3 )  ,
( 3 , 4 )  ,
( 3 , 5 )  ,
( 4 , 0 )  ,
( 4 , 1 )  ,
( 4 , 2 )  ,
( 4 , 3 )  ,
( 4 , 4 )  ,
( 4 , 5 )  ,
( 5 , 0 )  ,
( 5 , 1 )  ,
( 5 , 2 )  ,
( 5 , 3 )  ,
( 5 , 4 )  ,
( 5 , 5 )  ; 

------------------------------
INSERT INTO [stay]
 VALUES  
( 0 , 0 )  ,
( 0 , 1 )  ,
( 0 , 2 )  ,
( 0 , 3 )  ,
( 0 , 4 )  ,
( 0 , 5 )  ,
( 1 , 0 )  ,
( 1 , 1 )  ,
( 1 , 2 )  ,
( 1 , 3 )  ,
( 1 , 4 )  ,
( 1 , 5 )  ,
( 2 , 0 )  ,
( 2 , 1 )  ,
( 2 , 2 )  ,
( 2 , 3 )  ,
( 2 , 4 )  ,
( 2 , 5 )  ,
( 3 , 0 )  ,
( 3 , 1 )  ,
( 3 , 2 )  ,
( 3 , 3 )  ,
( 3 , 4 )  ,
( 3 , 5 )  ,
( 4 , 0 )  ,
( 4 , 1 )  ,
( 4 , 2 )  ,
( 4 , 3 )  ,
( 4 , 4 )  ,
( 4 , 5 )  ,
( 5 , 0 )  ,
( 5 , 1 )  ,
( 5 , 2 )  ,
( 5 , 3 )  ,
( 5 , 4 )  ,
( 5 , 5 )  ; 

------------------------------
INSERT INTO [support]
 VALUES  
( 0 , 0 )  ,
( 0 , 1 )  ,
( 0 , 2 )  ,
( 0 , 3 )  ,
( 0 , 4 )  ,
( 0 , 5 )  ,
( 1 , 0 )  ,
( 1 , 1 )  ,
( 1 , 2 )  ,
( 1 , 3 )  ,
( 1 , 4 )  ,
( 1 , 5 )  ,
( 2 , 0 )  ,
( 2 , 1 )  ,
( 2 , 2 )  ,
( 2 , 3 )  ,
( 2 , 4 )  ,
( 2 , 5 )  ,
( 3 , 0 )  ,
( 3 , 1 )  ,
( 3 , 2 )  ,
( 3 , 3 )  ,
( 3 , 4 )  ,
( 3 , 5 )  ,
( 4 , 0 )  ,
( 4 , 1 )  ,
( 4 , 2 )  ,
( 4 , 3 )  ,
( 4 , 4 )  ,
( 4 , 5 )  ,
( 5 , 0 )  ,
( 5 , 1 )  ,
( 5 , 2 )  ,
( 5 , 3 )  ,
( 5 , 4 )  ,
( 5 , 5 )  ; 

------------------------------
